%YAML:1.0
---
model_type: KANNALA_BRANDT
camera_name: camera0
image_width: 1920
image_height: 1536
projection_parameters:
   k2: 1.3512638332627738e-01
   k3: -3.7060412206638194e-02
   k4: 7.7539855536135332e-04
   k5: 2.8600999241935361e-04
   mu: 5.0940904228713379e+02
   mv: 5.0947030350535010e+02
   u0: 9.4212293492777098e+02
   v0: 7.8112261107600875e+02
